quad 0: (81.80,1.19,35.82 uv 0.3691,0.4237) (84.92,1.19,35.82 uv 0.5064,0.4237) (81.80,5.87,35.82 uv 0.3691,0.0169) (84.92,5.87,35.82 uv 0.5064,0.0169)
quad 1: (83.36,1.19,34.26 uv 0.3691,0.4237) (83.36,1.19,37.38 uv 0.5064,0.4237) (83.36,5.87,34.26 uv 0.3691,0.0169) (83.36,5.87,37.38 uv 0.5064,0.0169)
quad 2: (24.67,2.17,65.77 uv 0.3691,0.4237) (27.25,2.17,65.77 uv 0.5064,0.4237) (24.67,6.02,65.77 uv 0.3691,0.0169) (27.25,6.02,65.77 uv 0.5064,0.0169)
quad 3: (25.96,2.17,64.48 uv 0.3691,0.4237) (25.96,2.17,67.06 uv 0.5064,0.4237) (25.96,6.02,64.48 uv 0.3691,0.0169) (25.96,6.02,67.06 uv 0.5064,0.0169)
quad 4: (18.71,1.88,123.71 uv 0.5150,0.4407) (20.79,1.88,123.71 uv 0.6481,0.4407) (18.71,5.24,123.71 uv 0.5150,0.0169) (20.79,5.24,123.71 uv 0.6481,0.0169)
quad 5: (19.75,1.88,122.67 uv 0.5150,0.4407) (19.75,1.88,124.75 uv 0.6481,0.4407) (19.75,5.24,122.67 uv 0.5150,0.0169) (19.75,5.24,124.75 uv 0.6481,0.0169)
quad 6: (40.98,2.00,92.26 uv 0.0086,0.9831) (45.52,2.00,92.26 uv 0.3605,0.9831) (40.98,8.32,92.26 uv 0.0086,0.0169) (45.52,8.32,92.26 uv 0.3605,0.0169)
quad 7: (43.25,2.00,89.99 uv 0.0086,0.9831) (43.25,2.00,94.53 uv 0.3605,0.9831) (43.25,8.32,89.99 uv 0.0086,0.0169) (43.25,8.32,94.53 uv 0.3605,0.0169)
quad 8: (83.46,2.10,119.19 uv 0.5150,0.4407) (85.54,2.10,119.19 uv 0.6481,0.4407) (83.46,5.46,119.19 uv 0.5150,0.0169) (85.54,5.46,119.19 uv 0.6481,0.0169)
quad 9: (84.50,2.10,118.15 uv 0.5150,0.4407) (84.50,2.10,120.23 uv 0.6481,0.4407) (84.50,5.46,118.15 uv 0.5150,0.0169) (84.50,5.46,120.23 uv 0.6481,0.0169)
quad 10: (44.63,2.02,95.16 uv 0.0086,0.9831) (48.15,2.02,95.16 uv 0.3605,0.9831) (44.63,6.91,95.16 uv 0.0086,0.0169) (48.15,6.91,95.16 uv 0.3605,0.0169)
quad 11: (46.39,2.02,93.40 uv 0.0086,0.9831) (46.39,2.02,96.92 uv 0.3605,0.9831) (46.39,6.91,93.40 uv 0.0086,0.0169) (46.39,6.91,96.92 uv 0.3605,0.0169)
quad 12: (103.66,1.54,44.84 uv 0.3691,0.4237) (106.74,1.54,44.84 uv 0.5064,0.4237) (103.66,6.17,44.84 uv 0.3691,0.0169) (106.74,6.17,44.84 uv 0.5064,0.0169)
quad 13: (105.20,1.54,43.30 uv 0.3691,0.4237) (105.20,1.54,46.38 uv 0.5064,0.4237) (105.20,6.17,43.30 uv 0.3691,0.0169) (105.20,6.17,46.38 uv 0.5064,0.0169)
quad 14: (102.23,2.00,58.90 uv 0.3691,0.4237) (105.21,2.00,58.90 uv 0.5064,0.4237) (102.23,6.46,58.90 uv 0.3691,0.0169) (105.21,6.46,58.90 uv 0.5064,0.0169)
quad 15: (103.72,2.00,57.41 uv 0.3691,0.4237) (103.72,2.00,60.39 uv 0.5064,0.4237) (103.72,6.46,57.41 uv 0.3691,0.0169) (103.72,6.46,60.39 uv 0.5064,0.0169)
quad 16: (41.12,1.73,43.12 uv 0.5150,0.4407) (43.52,1.73,43.12 uv 0.6481,0.4407) (41.12,5.60,43.12 uv 0.5150,0.0169) (43.52,5.60,43.12 uv 0.6481,0.0169)
quad 17: (42.32,1.73,41.92 uv 0.5150,0.4407) (42.32,1.73,44.32 uv 0.6481,0.4407) (42.32,5.60,41.92 uv 0.5150,0.0169) (42.32,5.60,44.32 uv 0.6481,0.0169)
quad 18: (48.50,1.85,95.55 uv 0.0086,0.9831) (52.48,1.85,95.55 uv 0.3605,0.9831) (48.50,7.38,95.55 uv 0.0086,0.0169) (52.48,7.38,95.55 uv 0.3605,0.0169)
quad 19: (50.49,1.85,93.56 uv 0.0086,0.9831) (50.49,1.85,97.54 uv 0.3605,0.9831) (50.49,7.38,93.56 uv 0.0086,0.0169) (50.49,7.38,97.54 uv 0.3605,0.0169)
quad 20: (114.92,1.83,89.15 uv 0.0086,0.9831) (118.76,1.83,89.15 uv 0.3605,0.9831) (114.92,7.16,89.15 uv 0.0086,0.0169) (118.76,7.16,89.15 uv 0.3605,0.0169)
quad 21: (116.84,1.83,87.23 uv 0.0086,0.9831) (116.84,1.83,91.07 uv 0.3605,0.9831) (116.84,7.16,87.23 uv 0.0086,0.0169) (116.84,7.16,91.07 uv 0.3605,0.0169)
quad 22: (122.26,1.71,88.46 uv 0.0086,0.9831) (125.70,1.71,88.46 uv 0.3605,0.9831) (122.26,6.50,88.46 uv 0.0086,0.0169) (125.70,6.50,88.46 uv 0.3605,0.0169)
quad 23: (123.98,1.71,86.74 uv 0.0086,0.9831) (123.98,1.71,90.18 uv 0.3605,0.9831) (123.98,6.50,86.74 uv 0.0086,0.0169) (123.98,6.50,90.18 uv 0.3605,0.0169)
quad 24: (103.10,1.76,117.39 uv 0.5150,0.4407) (105.74,1.76,117.39 uv 0.6481,0.4407) (103.10,6.01,117.39 uv 0.5150,0.0169) (105.74,6.01,117.39 uv 0.6481,0.0169)
quad 25: (104.42,1.76,116.07 uv 0.5150,0.4407) (104.42,1.76,118.71 uv 0.6481,0.4407) (104.42,6.01,116.07 uv 0.5150,0.0169) (104.42,6.01,118.71 uv 0.6481,0.0169)
quad 26: (108.35,1.49,46.44 uv 0.5150,0.4407) (110.75,1.49,46.44 uv 0.6481,0.4407) (108.35,5.37,46.44 uv 0.5150,0.0169) (110.75,5.37,46.44 uv 0.6481,0.0169)
quad 27: (109.55,1.49,45.24 uv 0.5150,0.4407) (109.55,1.49,47.64 uv 0.6481,0.4407) (109.55,5.37,45.24 uv 0.5150,0.0169) (109.55,5.37,47.64 uv 0.6481,0.0169)
quad 28: (18.07,1.84,35.20 uv 0.5150,0.4407) (20.49,1.84,35.20 uv 0.6481,0.4407) (18.07,5.74,35.20 uv 0.5150,0.0169) (20.49,5.74,35.20 uv 0.6481,0.0169)
quad 29: (19.28,1.84,33.99 uv 0.5150,0.4407) (19.28,1.84,36.41 uv 0.6481,0.4407) (19.28,5.74,33.99 uv 0.5150,0.0169) (19.28,5.74,36.41 uv 0.6481,0.0169)
quad 30: (44.60,1.72,12.40 uv 0.0086,0.9831) (49.12,1.72,12.40 uv 0.3605,0.9831) (44.60,8.00,12.40 uv 0.0086,0.0169) (49.12,8.00,12.40 uv 0.3605,0.0169)
quad 31: (46.86,1.72,10.14 uv 0.0086,0.9831) (46.86,1.72,14.66 uv 0.3605,0.9831) (46.86,8.00,10.14 uv 0.0086,0.0169) (46.86,8.00,14.66 uv 0.3605,0.0169)
quad 32: (31.32,1.69,74.10 uv 0.5150,0.4407) (33.54,1.69,74.10 uv 0.6481,0.4407) (31.32,5.27,74.10 uv 0.5150,0.0169) (33.54,5.27,74.10 uv 0.6481,0.0169)
quad 33: (32.43,1.69,72.99 uv 0.5150,0.4407) (32.43,1.69,75.21 uv 0.6481,0.4407) (32.43,5.27,72.99 uv 0.5150,0.0169) (32.43,5.27,75.21 uv 0.6481,0.0169)
quad 34: (25.41,1.00,90.85 uv 0.0086,0.9831) (28.79,1.00,90.85 uv 0.3605,0.9831) (25.41,5.69,90.85 uv 0.0086,0.0169) (28.79,5.69,90.85 uv 0.3605,0.0169)
quad 35: (27.10,1.00,89.16 uv 0.0086,0.9831) (27.10,1.00,92.54 uv 0.3605,0.9831) (27.10,5.69,89.16 uv 0.0086,0.0169) (27.10,5.69,92.54 uv 0.3605,0.0169)
quad 36: (36.37,2.00,119.37 uv 0.5150,0.4407) (38.65,2.00,119.37 uv 0.6481,0.4407) (36.37,5.67,119.37 uv 0.5150,0.0169) (38.65,5.67,119.37 uv 0.6481,0.0169)
quad 37: (37.51,2.00,118.23 uv 0.5150,0.4407) (37.51,2.00,120.51 uv 0.6481,0.4407) (37.51,5.67,118.23 uv 0.5150,0.0169) (37.51,5.67,120.51 uv 0.6481,0.0169)
quad 38: (64.72,1.15,110.29 uv 0.0086,0.9831) (68.52,1.15,110.29 uv 0.3605,0.9831) (64.72,6.43,110.29 uv 0.0086,0.0169) (68.52,6.43,110.29 uv 0.3605,0.0169)
quad 39: (66.62,1.15,108.39 uv 0.0086,0.9831) (66.62,1.15,112.19 uv 0.3605,0.9831) (66.62,6.43,108.39 uv 0.0086,0.0169) (66.62,6.43,112.19 uv 0.3605,0.0169)
quad 40: (118.29,1.65,11.16 uv 0.0086,0.9831) (122.01,1.65,11.16 uv 0.3605,0.9831) (118.29,6.83,11.16 uv 0.0086,0.0169) (122.01,6.83,11.16 uv 0.3605,0.0169)
quad 41: (120.15,1.65,9.30 uv 0.0086,0.9831) (120.15,1.65,13.02 uv 0.3605,0.9831) (120.15,6.83,9.30 uv 0.0086,0.0169) (120.15,6.83,13.02 uv 0.3605,0.0169)
quad 42: (75.25,1.60,91.60 uv 0.0086,0.9831) (78.93,1.60,91.60 uv 0.3605,0.9831) (75.25,6.71,91.60 uv 0.0086,0.0169) (78.93,6.71,91.60 uv 0.3605,0.0169)
quad 43: (77.09,1.60,89.76 uv 0.0086,0.9831) (77.09,1.60,93.44 uv 0.3605,0.9831) (77.09,6.71,89.76 uv 0.0086,0.0169) (77.09,6.71,93.44 uv 0.3605,0.0169)
quad 44: (21.48,1.33,79.96 uv 0.0086,0.9831) (26.14,1.33,79.96 uv 0.3605,0.9831) (21.48,7.80,79.96 uv 0.0086,0.0169) (26.14,7.80,79.96 uv 0.3605,0.0169)
quad 45: (23.81,1.33,77.63 uv 0.0086,0.9831) (23.81,1.33,82.29 uv 0.3605,0.9831) (23.81,7.80,77.63 uv 0.0086,0.0169) (23.81,7.80,82.29 uv 0.3605,0.0169)
quad 46: (17.47,2.37,15.73 uv 0.0086,0.9831) (21.57,2.37,15.73 uv 0.3605,0.9831) (17.47,8.07,15.73 uv 0.0086,0.0169) (21.57,8.07,15.73 uv 0.3605,0.0169)
quad 47: (19.52,2.37,13.68 uv 0.0086,0.9831) (19.52,2.37,17.78 uv 0.3605,0.9831) (19.52,8.07,13.68 uv 0.0086,0.0169) (19.52,8.07,17.78 uv 0.3605,0.0169)
quad 48: (16.78,1.31,78.78 uv 0.5150,0.4407) (19.56,1.31,78.78 uv 0.6481,0.4407) (16.78,5.79,78.78 uv 0.5150,0.0169) (19.56,5.79,78.78 uv 0.6481,0.0169)
quad 49: (18.17,1.31,77.39 uv 0.5150,0.4407) (18.17,1.31,80.17 uv 0.6481,0.4407) (18.17,5.79,77.39 uv 0.5150,0.0169) (18.17,5.79,80.17 uv 0.6481,0.0169)
quad 50: (22.15,1.15,98.86 uv 0.5150,0.4407) (24.75,1.15,98.86 uv 0.6481,0.4407) (22.15,5.35,98.86 uv 0.5150,0.0169) (24.75,5.35,98.86 uv 0.6481,0.0169)
quad 51: (23.45,1.15,97.56 uv 0.5150,0.4407) (23.45,1.15,100.16 uv 0.6481,0.4407) (23.45,5.35,97.56 uv 0.5150,0.0169) (23.45,5.35,100.16 uv 0.6481,0.0169)
quad 52: (48.65,1.39,122.05 uv 0.0086,0.9831) (52.23,1.39,122.05 uv 0.3605,0.9831) (48.65,6.36,122.05 uv 0.0086,0.0169) (52.23,6.36,122.05 uv 0.3605,0.0169)
quad 53: (50.44,1.39,120.26 uv 0.0086,0.9831) (50.44,1.39,123.84 uv 0.3605,0.9831) (50.44,6.36,120.26 uv 0.0086,0.0169) (50.44,6.36,123.84 uv 0.3605,0.0169)
quad 54: (113.26,2.53,69.95 uv 0.3691,0.4237) (116.28,2.53,69.95 uv 0.5064,0.4237) (113.26,7.07,69.95 uv 0.3691,0.0169) (116.28,7.07,69.95 uv 0.5064,0.0169)
quad 55: (114.77,2.53,68.44 uv 0.3691,0.4237) (114.77,2.53,71.46 uv 0.5064,0.4237) (114.77,7.07,68.44 uv 0.3691,0.0169) (114.77,7.07,71.46 uv 0.5064,0.0169)
quad 56: (44.72,2.05,100.80 uv 0.0086,0.9831) (49.20,2.05,100.80 uv 0.3605,0.9831) (44.72,8.28,100.80 uv 0.0086,0.0169) (49.20,8.28,100.80 uv 0.3605,0.0169)
quad 57: (46.96,2.05,98.56 uv 0.0086,0.9831) (46.96,2.05,103.04 uv 0.3605,0.9831) (46.96,8.28,98.56 uv 0.0086,0.0169) (46.96,8.28,103.04 uv 0.3605,0.0169)
quad 58: (64.18,1.01,23.02 uv 0.0086,0.9831) (68.62,1.01,23.02 uv 0.3605,0.9831) (64.18,7.17,23.02 uv 0.0086,0.0169) (68.62,7.17,23.02 uv 0.3605,0.0169)
quad 59: (66.40,1.01,20.80 uv 0.0086,0.9831) (66.40,1.01,25.24 uv 0.3605,0.9831) (66.40,7.17,20.80 uv 0.0086,0.0169) (66.40,7.17,25.24 uv 0.3605,0.0169)
quad 60: (36.45,1.93,12.06 uv 0.0086,0.9831) (40.33,1.93,12.06 uv 0.3605,0.9831) (36.45,7.31,12.06 uv 0.0086,0.0169) (40.33,7.31,12.06 uv 0.3605,0.0169)
quad 61: (38.39,1.93,10.12 uv 0.0086,0.9831) (38.39,1.93,14.00 uv 0.3605,0.9831) (38.39,7.31,10.12 uv 0.0086,0.0169) (38.39,7.31,14.00 uv 0.3605,0.0169)
quad 62: (82.17,1.39,84.24 uv 0.0086,0.9831) (85.99,1.39,84.24 uv 0.3605,0.9831) (82.17,6.69,84.24 uv 0.0086,0.0169) (85.99,6.69,84.24 uv 0.3605,0.0169)
quad 63: (84.08,1.39,82.33 uv 0.0086,0.9831) (84.08,1.39,86.15 uv 0.3605,0.9831) (84.08,6.69,82.33 uv 0.0086,0.0169) (84.08,6.69,86.15 uv 0.3605,0.0169)
quad 64: (59.01,1.40,34.74 uv 0.0086,0.9831) (62.83,1.40,34.74 uv 0.3605,0.9831) (59.01,6.70,34.74 uv 0.0086,0.0169) (62.83,6.70,34.74 uv 0.3605,0.0169)
quad 65: (60.92,1.40,32.83 uv 0.0086,0.9831) (60.92,1.40,36.65 uv 0.3605,0.9831) (60.92,6.70,32.83 uv 0.0086,0.0169) (60.92,6.70,36.65 uv 0.3605,0.0169)
quad 66: (9.21,2.06,110.52 uv 0.0086,0.9831) (13.37,2.06,110.52 uv 0.3605,0.9831) (9.21,7.84,110.52 uv 0.0086,0.0169) (13.37,7.84,110.52 uv 0.3605,0.0169)
quad 67: (11.29,2.06,108.44 uv 0.0086,0.9831) (11.29,2.06,112.60 uv 0.3605,0.9831) (11.29,7.84,108.44 uv 0.0086,0.0169) (11.29,7.84,112.60 uv 0.3605,0.0169)
quad 68: (19.66,2.17,12.17 uv 0.0086,0.9831) (23.84,2.17,12.17 uv 0.3605,0.9831) (19.66,7.98,12.17 uv 0.0086,0.0169) (23.84,7.98,12.17 uv 0.3605,0.0169)
quad 69: (21.75,2.17,10.08 uv 0.0086,0.9831) (21.75,2.17,14.26 uv 0.3605,0.9831) (21.75,7.98,10.08 uv 0.0086,0.0169) (21.75,7.98,14.26 uv 0.3605,0.0169)
quad 70: (16.22,2.11,7.23 uv 0.3691,0.4237) (18.90,2.11,7.23 uv 0.5064,0.4237) (16.22,6.14,7.23 uv 0.3691,0.0169) (18.90,6.14,7.23 uv 0.5064,0.0169)
quad 71: (17.56,2.11,5.89 uv 0.3691,0.4237) (17.56,2.11,8.57 uv 0.5064,0.4237) (17.56,6.14,5.89 uv 0.3691,0.0169) (17.56,6.14,8.57 uv 0.5064,0.0169)
quad 72: (58.26,1.19,17.59 uv 0.3691,0.4237) (61.70,1.19,17.59 uv 0.5064,0.4237) (58.26,6.34,17.59 uv 0.3691,0.0169) (61.70,6.34,17.59 uv 0.5064,0.0169)
quad 73: (59.98,1.19,15.87 uv 0.3691,0.4237) (59.98,1.19,19.31 uv 0.5064,0.4237) (59.98,6.34,15.87 uv 0.3691,0.0169) (59.98,6.34,19.31 uv 0.5064,0.0169)
quad 74: (26.05,2.19,21.46 uv 0.3691,0.4237) (29.09,2.19,21.46 uv 0.5064,0.4237) (26.05,6.75,21.46 uv 0.3691,0.0169) (29.09,6.75,21.46 uv 0.5064,0.0169)
quad 75: (27.57,2.19,19.94 uv 0.3691,0.4237) (27.57,2.19,22.98 uv 0.5064,0.4237) (27.57,6.75,19.94 uv 0.3691,0.0169) (27.57,6.75,22.98 uv 0.5064,0.0169)
quad 76: (93.04,1.94,118.04 uv 0.3691,0.4237) (95.60,1.94,118.04 uv 0.5064,0.4237) (93.04,5.77,118.04 uv 0.3691,0.0169) (95.60,5.77,118.04 uv 0.5064,0.0169)
quad 77: (94.32,1.94,116.76 uv 0.3691,0.4237) (94.32,1.94,119.32 uv 0.5064,0.4237) (94.32,5.77,116.76 uv 0.3691,0.0169) (94.32,5.77,119.32 uv 0.5064,0.0169)
quad 78: (19.40,1.51,116.30 uv 0.3691,0.4237) (22.08,1.51,116.30 uv 0.5064,0.4237) (19.40,5.52,116.30 uv 0.3691,0.0169) (22.08,5.52,116.30 uv 0.5064,0.0169)
quad 79: (20.74,1.51,114.96 uv 0.3691,0.4237) (20.74,1.51,117.64 uv 0.5064,0.4237) (20.74,5.52,114.96 uv 0.3691,0.0169) (20.74,5.52,117.64 uv 0.5064,0.0169)
quad 80: (79.91,1.58,43.68 uv 0.0086,0.9831) (83.83,1.58,43.68 uv 0.3605,0.9831) (79.91,7.04,43.68 uv 0.0086,0.0169) (83.83,7.04,43.68 uv 0.3605,0.0169)
quad 81: (81.87,1.58,41.72 uv 0.0086,0.9831) (81.87,1.58,45.64 uv 0.3605,0.9831) (81.87,7.04,41.72 uv 0.0086,0.0169) (81.87,7.04,45.64 uv 0.3605,0.0169)
quad 82: (116.80,2.28,68.62 uv 0.5150,0.4407) (119.08,2.28,68.62 uv 0.6481,0.4407) (116.80,5.96,68.62 uv 0.5150,0.0169) (119.08,5.96,68.62 uv 0.6481,0.0169)
quad 83: (117.94,2.28,67.48 uv 0.5150,0.4407) (117.94,2.28,69.76 uv 0.6481,0.4407) (117.94,5.96,67.48 uv 0.5150,0.0169) (117.94,5.96,69.76 uv 0.6481,0.0169)
quad 84: (116.54,1.00,18.19 uv 0.9142,0.1949) (117.14,1.00,18.19 uv 0.9914,0.1949) (116.54,1.71,18.19 uv 0.9142,0.0169) (117.14,1.71,18.19 uv 0.9914,0.0169)
quad 85: (116.84,1.00,17.89 uv 0.9142,0.1949) (116.84,1.00,18.49 uv 0.9914,0.1949) (116.84,1.71,17.89 uv 0.9142,0.0169) (116.84,1.71,18.49 uv 0.9914,0.0169)
quad 86: (67.93,1.87,100.10 uv 0.8326,0.1949) (68.71,1.87,100.10 uv 0.9056,0.1949) (67.93,2.84,100.10 uv 0.8326,0.0169) (68.71,2.84,100.10 uv 0.9056,0.0169)
quad 87: (68.32,1.87,99.71 uv 0.8326,0.1949) (68.32,1.87,100.49 uv 0.9056,0.1949) (68.32,2.84,99.71 uv 0.8326,0.0169) (68.32,2.84,100.49 uv 0.9056,0.0169)
quad 88: (48.55,1.76,39.15 uv 0.9142,0.1949) (49.13,1.76,39.15 uv 0.9914,0.1949) (48.55,2.44,39.15 uv 0.9142,0.0169) (49.13,2.44,39.15 uv 0.9914,0.0169)
quad 89: (48.84,1.76,38.86 uv 0.9142,0.1949) (48.84,1.76,39.44 uv 0.9914,0.1949) (48.84,2.44,38.86 uv 0.9142,0.0169) (48.84,2.44,39.44 uv 0.9914,0.0169)
quad 90: (18.56,1.80,120.26 uv 0.8326,0.1949) (19.24,1.80,120.26 uv 0.9056,0.1949) (18.56,2.64,120.26 uv 0.8326,0.0169) (19.24,2.64,120.26 uv 0.9056,0.0169)
quad 91: (18.90,1.80,119.92 uv 0.8326,0.1949) (18.90,1.80,120.60 uv 0.9056,0.1949) (18.90,2.64,119.92 uv 0.8326,0.0169) (18.90,2.64,120.60 uv 0.9056,0.0169)
quad 92: (81.39,1.72,99.79 uv 0.9142,0.1949) (82.01,1.72,99.79 uv 0.9914,0.1949) (81.39,2.45,99.79 uv 0.9142,0.0169) (82.01,2.45,99.79 uv 0.9914,0.0169)
quad 93: (81.70,1.72,99.48 uv 0.9142,0.1949) (81.70,1.72,100.10 uv 0.9914,0.1949) (81.70,2.45,99.48 uv 0.9142,0.0169) (81.70,2.45,100.10 uv 0.9914,0.0169)
quad 94: (58.37,1.23,14.64 uv 0.9142,0.1949) (59.03,1.23,14.64 uv 0.9914,0.1949) (58.37,2.00,14.64 uv 0.9142,0.0169) (59.03,2.00,14.64 uv 0.9914,0.0169)
quad 95: (58.70,1.23,14.31 uv 0.9142,0.1949) (58.70,1.23,14.97 uv 0.9914,0.1949) (58.70,2.00,14.31 uv 0.9142,0.0169) (58.70,2.00,14.97 uv 0.9914,0.0169)
quad 96: (37.81,2.02,105.27 uv 0.8326,0.1949) (38.43,2.02,105.27 uv 0.9056,0.1949) (37.81,2.79,105.27 uv 0.8326,0.0169) (38.43,2.79,105.27 uv 0.9056,0.0169)
quad 97: (38.12,2.02,104.96 uv 0.8326,0.1949) (38.12,2.02,105.58 uv 0.9056,0.1949) (38.12,2.79,104.96 uv 0.8326,0.0169) (38.12,2.79,105.58 uv 0.9056,0.0169)
quad 98: (9.04,1.71,48.02 uv 0.8326,0.1949) (9.72,1.71,48.02 uv 0.9056,0.1949) (9.04,2.54,48.02 uv 0.8326,0.0169) (9.72,2.54,48.02 uv 0.9056,0.0169)
quad 99: (9.38,1.71,47.68 uv 0.8326,0.1949) (9.38,1.71,48.36 uv 0.9056,0.1949) (9.38,2.54,47.68 uv 0.8326,0.0169) (9.38,2.54,48.36 uv 0.9056,0.0169)
quad 100: (56.57,1.60,108.33 uv 0.8326,0.1949) (57.29,1.60,108.33 uv 0.9056,0.1949) (56.57,2.48,108.33 uv 0.8326,0.0169) (57.29,2.48,108.33 uv 0.9056,0.0169)
quad 101: (56.93,1.60,107.97 uv 0.8326,0.1949) (56.93,1.60,108.69 uv 0.9056,0.1949) (56.93,2.48,107.97 uv 0.8326,0.0169) (56.93,2.48,108.69 uv 0.9056,0.0169)
quad 102: (48.93,1.61,90.48 uv 0.9142,0.1949) (49.67,1.61,90.48 uv 0.9914,0.1949) (48.93,2.47,90.48 uv 0.9142,0.0169) (49.67,2.47,90.48 uv 0.9914,0.0169)
quad 103: (49.30,1.61,90.11 uv 0.9142,0.1949) (49.30,1.61,90.85 uv 0.9914,0.1949) (49.30,2.47,90.11 uv 0.9142,0.0169) (49.30,2.47,90.85 uv 0.9914,0.0169)
quad 104: (97.79,1.21,84.55 uv 0.8326,0.1949) (98.57,1.21,84.55 uv 0.9056,0.1949) (97.79,2.17,84.55 uv 0.8326,0.0169) (98.57,2.17,84.55 uv 0.9056,0.0169)
quad 105: (98.18,1.21,84.16 uv 0.8326,0.1949) (98.18,1.21,84.94 uv 0.9056,0.1949) (98.18,2.17,84.16 uv 0.8326,0.0169) (98.18,2.17,84.94 uv 0.9056,0.0169)
quad 106: (41.69,1.61,47.77 uv 0.8326,0.1949) (42.33,1.61,47.77 uv 0.9056,0.1949) (41.69,2.39,47.77 uv 0.8326,0.0169) (42.33,2.39,47.77 uv 0.9056,0.0169)
quad 107: (42.01,1.61,47.45 uv 0.8326,0.1949) (42.01,1.61,48.09 uv 0.9056,0.1949) (42.01,2.39,47.45 uv 0.8326,0.0169) (42.01,2.39,48.09 uv 0.9056,0.0169)
quad 108: (114.90,1.80,78.40 uv 0.8326,0.1949) (115.70,1.80,78.40 uv 0.9056,0.1949) (114.90,2.79,78.40 uv 0.8326,0.0169) (115.70,2.79,78.40 uv 0.9056,0.0169)
quad 109: (115.30,1.80,78.00 uv 0.8326,0.1949) (115.30,1.80,78.80 uv 0.9056,0.1949) (115.30,2.79,78.00 uv 0.8326,0.0169) (115.30,2.79,78.80 uv 0.9056,0.0169)
quad 110: (47.99,1.59,42.34 uv 0.9142,0.1949) (48.63,1.59,42.34 uv 0.9914,0.1949) (47.99,2.34,42.34 uv 0.9142,0.0169) (48.63,2.34,42.34 uv 0.9914,0.0169)
quad 111: (48.31,1.59,42.02 uv 0.9142,0.1949) (48.31,1.59,42.66 uv 0.9914,0.1949) (48.31,2.34,42.02 uv 0.9142,0.0169) (48.31,2.34,42.66 uv 0.9914,0.0169)
quad 112: (115.05,0.80,22.49 uv 0.8326,0.1949) (115.81,0.80,22.49 uv 0.9056,0.1949) (115.05,1.73,22.49 uv 0.8326,0.0169) (115.81,1.73,22.49 uv 0.9056,0.0169)
quad 113: (115.43,0.80,22.11 uv 0.8326,0.1949) (115.43,0.80,22.87 uv 0.9056,0.1949) (115.43,1.73,22.11 uv 0.8326,0.0169) (115.43,1.73,22.87 uv 0.9056,0.0169)
quad 114: (86.55,1.22,97.29 uv 0.9142,0.1949) (87.19,1.22,97.29 uv 0.9914,0.1949) (86.55,1.97,97.29 uv 0.9142,0.0169) (87.19,1.97,97.29 uv 0.9914,0.0169)
quad 115: (86.87,1.22,96.97 uv 0.9142,0.1949) (86.87,1.22,97.61 uv 0.9914,0.1949) (86.87,1.97,96.97 uv 0.9142,0.0169) (86.87,1.97,97.61 uv 0.9914,0.0169)
quad 116: (93.24,1.45,47.43 uv 0.9142,0.1949) (93.96,1.45,47.43 uv 0.9914,0.1949) (93.24,2.30,47.43 uv 0.9142,0.0169) (93.96,2.30,47.43 uv 0.9914,0.0169)
quad 117: (93.60,1.45,47.07 uv 0.9142,0.1949) (93.60,1.45,47.79 uv 0.9914,0.1949) (93.60,2.30,47.07 uv 0.9142,0.0169) (93.60,2.30,47.79 uv 0.9914,0.0169)
quad 118: (84.17,0.97,24.50 uv 0.9142,0.1949) (84.87,0.97,24.50 uv 0.9914,0.1949) (84.17,1.79,24.50 uv 0.9142,0.0169) (84.87,1.79,24.50 uv 0.9914,0.0169)
quad 119: (84.52,0.97,24.15 uv 0.9142,0.1949) (84.52,0.97,24.85 uv 0.9914,0.1949) (84.52,1.79,24.15 uv 0.9142,0.0169) (84.52,1.79,24.85 uv 0.9914,0.0169)
